# Settings
WndWidth=2263
WndHeight=1258
DetailMode=1
ShowBBox=1
TexBank=C:\Drive_E\Projets\MCEdit\resources\terrain.png
TexBank=C:\Drive_E\Projets\MCEdit\resources\entities.png
LastTex=C:\Drive_E\Projets\MCEdit\resources\entities.png
Block=FACES,63,TEX_DETAIL,SIZE,8,10,8,TR,4,16,4.5,NAME,"Head",TEX,398096,403226,403234,398104,398104,403234,403242,398112,398112,403242,403250,398120,398088,403218,403226,398096,393992,398096,398104,394000,394000,398104,398112,394008
Block=FACES,63,TEX_DETAIL,SIZE,2,4,2,TR,7,15,12.5,NAME,"Nose",TEX,395036,397088,397090,395038,395038,397090,397092,395040,395040,397092,397094,395042,395034,397086,397088,395036,394010,395036,395038,394012,394012,395038,395040,394014
Block=FACES,63,TEX_DETAIL,SIZE,18,12,11,TR,-1,4,0,NAME,"Body",TEX,408872,415028,415046,408890,408890,415046,415057,408901,420705,426861,426880,420724,408861,415017,415028,408872,403218,408861,408879,403236,403236,408879,408897,403254
Block=FACES,63,TEX_DETAIL,SIZE,9,4,6,TR,3.5,0,2,NAME,"Hip",TEX,397102,399667,399676,397111,397111,399676,399682,397117,397117,399682,399691,397126,397096,399661,399667,397102,394024,397102,397111,394033,394033,397111,397120,394042
Block=FACES,63,TEX_DETAIL,SIZE,6,16,5,TR,0.5,-15.5,2.5,ROT,10,0,0,REF,3.5,0.5,5,NAME,"Leg",TEX,418613,426821,426827,418619,418619,426827,426833,418625,418625,426833,426838,418630,418608,426816,426821,418613,416048,418613,418619,416054,418625,416060,416054,418619
Block=FACES,63,TEX_DETAIL,SIZE,6,16,5,TR,9.5,-15.5,2.5,ROT,-10,0,0,REF,12.5,0.5,5,NAME,"Leg",TEX,418613,426821,426827,418619,418619,426827,426833,418625,418625,426833,426838,418630,418608,426816,426821,418613,416048,418613,418619,416054,418625,416060,416054,418619
Block=FACES,63,TEX_DETAIL,SIZE,4,30,6,TR,17,-13,2,ROT,10,0,0,REF,17,15,5,NAME,"Arm",TEX,397133,412523,412527,397137,397137,412527,412533,397143,397143,412533,412537,397147,397127,412517,412523,397133,394055,397133,397137,394059,394059,397137,397143,394065
Block=FACES,63,TEX_DETAIL,SIZE,4,30,6,TR,-5,-13,2,ROT,-10,0,0,REF,-1,15,5,NAME,"Arm",TEX,402755,418145,418149,402759,402759,418149,418155,402765,402765,418155,418159,402769,402749,418139,418145,402755,399677,402755,402759,399681,399681,402759,402765,399687
